0 0.525781 0.077519 0.064062 0.051680
0 0.467969 0.130491 0.051562 0.059432
0 0.427344 0.192506 0.035937 0.049096
0 0.300781 0.401809 0.039062 0.049096
0 0.254688 0.470284 0.040625 0.056848
0 0.210156 0.521964 0.067187 0.046512
0 0.358594 0.854005 0.114062 0.080103
0 0.586719 0.857881 0.042188 0.051680
0 0.787500 0.614987 0.096875 0.072351
0 0.744531 0.359173 0.042188 0.056848
1 0.314063 0.918605 0.212500 0.054264
1 0.839063 0.673127 0.193750 0.054264
2 0.638281 0.209302 0.035937 0.098191
2 0.725000 0.541344 0.071875 0.059432
2 0.105469 0.859173 0.064062 0.049096
