0 0.473639 0.146259 0.086735 0.051020
0 0.348639 0.210884 0.057823 0.051020
0 0.220238 0.208333 0.059524 0.042517
0 0.749150 0.208333 0.164966 0.045918
0 0.670068 0.398810 0.068027 0.049320
0 0.761054 0.591837 0.073129 0.040816
0 0.667517 0.527211 0.052721 0.040816
0 0.267857 0.739796 0.120748 0.047619
1 0.682823 0.115646 0.215986 0.054422
1 0.829932 0.258503 0.340136 0.054422
1 0.361395 0.790816 0.304422 0.051020
1 0.735544 0.698980 0.168367 0.047619
2 0.623299 0.049320 0.110544 0.064626
2 0.319728 0.856293 0.074830 0.096939
2 0.750000 0.765306 0.085034 0.112245
