0 0.237065 0.264672 0.054563 0.069045
0 0.651458 0.225547 0.068674 0.064442
0 0.832549 0.588032 0.075259 0.052934
0 0.731891 0.737054 0.077140 0.063291
0 0.464722 0.752589 0.071496 0.059839
0 0.271872 0.703682 0.065851 0.051784
0 0.321261 0.507480 0.059266 0.052934
0 0.329257 0.240506 0.060207 0.050633
1 0.456256 0.155351 0.178739 0.039125
1 0.250706 0.181243 0.162747 0.042578
1 0.071025 0.280783 0.115710 0.041427
1 0.539040 0.803222 0.237065 0.048331
1 0.768109 0.787112 0.153340 0.050633
1 0.903104 0.694476 0.150517 0.051784
1 0.880997 0.394131 0.219191 0.086306
1 0.730009 0.279056 0.255880 0.037975
2 0.456256 0.098389 0.056444 0.084005
2 0.087488 0.214614 0.071496 0.051784
2 0.908278 0.751438 0.046096 0.082854
2 0.545626 0.861910 0.048918 0.082854
