0 0.207500 0.145000 0.117500 0.052500
0 0.198125 0.375000 0.136250 0.052500
0 0.198750 0.505625 0.142500 0.058750
0 0.209375 0.651250 0.123750 0.070000
0 0.741875 0.241250 0.053750 0.042500
0 0.693125 0.297500 0.058750 0.035000
0 0.748125 0.406250 0.061250 0.040000
0 0.790000 0.469375 0.070000 0.036250
0 0.494375 0.772500 0.058750 0.042500
0 0.444375 0.732500 0.053750 0.047500
1 0.183750 0.193750 0.162500 0.037500
1 0.143125 0.421250 0.258750 0.037500
1 0.145000 0.552500 0.255000 0.037500
1 0.156875 0.703750 0.211250 0.042500
1 0.870000 0.750000 0.127500 0.042500
2 0.193750 0.242500 0.052500 0.070000
2 0.160000 0.753750 0.050000 0.067500
2 0.953750 0.652500 0.072500 0.047500
