0 0.439000 0.168050 0.098000 0.062241
0 0.311000 0.229253 0.086000 0.064315
0 0.180000 0.231328 0.076000 0.056017
0 0.727000 0.232365 0.178000 0.049793
0 0.642000 0.435685 0.072000 0.058091
0 0.638000 0.569502 0.096000 0.060166
0 0.737000 0.640041 0.102000 0.060166
0 0.228000 0.800830 0.128000 0.053942
1 0.659000 0.132780 0.230000 0.058091
1 0.811000 0.285270 0.362000 0.056017
1 0.713000 0.756224 0.190000 0.056017
1 0.325000 0.853734 0.330000 0.051867
2 0.595000 0.051867 0.106000 0.066390
2 0.726000 0.829876 0.068000 0.099585
2 0.284000 0.927386 0.068000 0.099585
