0 0.201875 0.575426 0.066250 0.055961
0 0.130000 0.658151 0.037500 0.055961
0 0.502500 0.911192 0.077500 0.070560
0 0.549375 0.313869 0.066250 0.043796
0 0.744375 0.340633 0.103750 0.043796
0 0.890000 0.478102 0.075000 0.046229
1 0.241875 0.119221 0.116250 0.068127
1 0.220625 0.313869 0.111250 0.068127
1 0.585000 0.366180 0.140000 0.065693
1 0.826875 0.396594 0.206250 0.068127
2 0.243750 0.203163 0.037500 0.114355
2 0.220625 0.394161 0.038750 0.126521
2 0.582500 0.447689 0.045000 0.126521
2 0.751250 0.472019 0.080000 0.068127
