0 0.397917 0.233750 0.083333 0.052500
0 0.278125 0.321250 0.056250 0.052500
0 0.480208 0.305000 0.072917 0.055000
0 0.079167 0.467500 0.062500 0.050000
0 0.212500 0.687500 0.070833 0.055000
0 0.562500 0.760000 0.137500 0.045000
0 0.658333 0.496250 0.062500 0.067500
0 0.763542 0.183750 0.164583 0.042500
1 0.627083 0.806250 0.270833 0.047500
1 0.795833 0.222500 0.262500 0.045000
2 0.138542 0.275000 0.089583 0.060000
2 0.084375 0.690000 0.056250 0.095000
2 0.830208 0.610000 0.089583 0.070000
2 0.726042 0.291250 0.047917 0.097500
