0 0.343243 0.321622 0.086486 0.043243
0 0.135135 0.424324 0.086486 0.037838
0 0.178378 0.517568 0.081081 0.040541
0 0.316216 0.608108 0.086486 0.043243
0 0.437838 0.651351 0.081081 0.043243
0 0.702703 0.429730 0.070270 0.043243
0 0.559459 0.239189 0.102703 0.051351
1 0.645946 0.282432 0.264865 0.045946
1 0.760811 0.328378 0.202703 0.045946
1 0.910811 0.612162 0.129730 0.040541
1 0.163514 0.667568 0.170270 0.032432
1 0.089189 0.579730 0.140541 0.040541
2 0.051351 0.628378 0.054054 0.072973
2 0.183784 0.620270 0.048649 0.083784
2 0.939189 0.566216 0.051351 0.083784
