0 0.739048 0.123223 0.278095 0.061611
0 0.425714 0.248815 0.074286 0.056872
0 0.809524 0.413507 0.255238 0.054502
0 0.203810 0.582938 0.034286 0.075829
0 0.247619 0.630332 0.034286 0.056872
0 0.287619 0.661137 0.038095 0.104265
0 0.392381 0.765403 0.080000 0.042654
0 0.428571 0.817536 0.083810 0.042654
0 0.463810 0.869668 0.081905 0.042654
1 0.745714 0.171801 0.127619 0.059242
1 0.740952 0.255924 0.091429 0.052133
1 0.810476 0.459716 0.161905 0.052133
1 0.120000 0.380332 0.144762 0.054502
1 0.688571 0.805687 0.127619 0.056872
2 0.120952 0.450237 0.047619 0.104265
2 0.682857 0.875592 0.055238 0.097156
2 0.810476 0.527251 0.055238 0.097156
2 0.742857 0.328199 0.049524 0.097156
