0 0.195122 0.217143 0.055285 0.080000
0 0.195122 0.481429 0.055285 0.065714
0 0.191057 0.742857 0.056911 0.068571
0 0.234146 0.825714 0.052033 0.074286
0 0.317073 0.831429 0.052033 0.068571
0 0.461789 0.828571 0.052033 0.068571
0 0.547154 0.830000 0.047154 0.071429
0 0.623577 0.830000 0.073171 0.071429
0 0.686992 0.672857 0.050407 0.071429
0 0.740650 0.580000 0.047154 0.074286
0 0.742276 0.341429 0.053659 0.077143
0 0.795935 0.114286 0.235772 0.062857
1 0.163415 0.121429 0.154472 0.082857
1 0.747154 0.780000 0.128455 0.091429
1 0.818699 0.442857 0.177236 0.091429
1 0.763415 0.222857 0.180488 0.154286
2 0.191057 0.324286 0.099187 0.082857
2 0.738211 0.868571 0.048780 0.125714
