0 0.507895 0.061667 0.089474 0.070000
0 0.260526 0.293333 0.110526 0.073333
0 0.177632 0.491667 0.081579 0.076667
0 0.123684 0.358333 0.136842 0.063333
0 0.243421 0.625000 0.065789 0.070000
0 0.503947 0.873333 0.165789 0.060000
0 0.502632 0.951667 0.100000 0.070000
0 0.747368 0.606667 0.094737 0.073333
0 0.751316 0.470000 0.092105 0.073333
0 0.734211 0.220000 0.084211 0.073333
0 0.889474 0.630000 0.057895 0.080000
1 0.188158 0.090000 0.255263 0.086667
1 0.831579 0.341667 0.273684 0.116667
2 0.064474 0.771667 0.071053 0.123333
2 0.322368 0.863333 0.128947 0.080000
