0 0.811039 0.161943 0.193506 0.040486
0 0.398052 0.214575 0.087013 0.048583
0 0.266883 0.296896 0.050649 0.048583
0 0.042208 0.439946 0.061039 0.048583
0 0.183117 0.655870 0.070130 0.051282
0 0.490909 0.277328 0.090909 0.052632
0 0.689610 0.469636 0.064935 0.056680
0 0.589610 0.726721 0.153247 0.039136
1 0.843506 0.203104 0.292208 0.049933
1 0.657792 0.770580 0.302597 0.053981
2 0.116234 0.251012 0.107792 0.059379
2 0.053896 0.654521 0.061039 0.105263
2 0.880519 0.572874 0.106494 0.060729
2 0.770130 0.265182 0.057143 0.098516
