0 0.439844 0.216406 0.117188 0.042188
0 0.700000 0.278125 0.118750 0.040625
0 0.935156 0.319531 0.095312 0.042188
0 0.557031 0.714844 0.160938 0.035937
0 0.306250 0.717969 0.068750 0.035937
0 0.200000 0.580469 0.075000 0.032813
0 0.125781 0.504687 0.073438 0.037500
0 0.047656 0.460156 0.092188 0.032813
0 0.353125 0.269531 0.068750 0.039062
1 0.338281 0.155469 0.164062 0.048438
1 0.612500 0.753906 0.296875 0.048438
1 0.703125 0.596094 0.159375 0.045312
1 0.903125 0.672656 0.131250 0.054688
2 0.210938 0.314063 0.118750 0.065625
2 0.901563 0.498437 0.103125 0.056250
2 0.702344 0.667188 0.051562 0.100000
