0 0.387288 0.265254 0.055932 0.055932
0 0.261864 0.322034 0.035593 0.030508
0 0.336441 0.321186 0.059322 0.038983
0 0.437288 0.321186 0.054237 0.042373
0 0.658475 0.226271 0.100000 0.045763
0 0.638136 0.389831 0.049153 0.033898
0 0.596610 0.459322 0.050847 0.033898
0 0.687288 0.508475 0.096610 0.047458
0 0.644068 0.602542 0.081356 0.052542
0 0.517797 0.672034 0.035593 0.032203
0 0.311017 0.673729 0.042373 0.035593
0 0.482203 0.738136 0.103390 0.059322
0 0.183051 0.456780 0.054237 0.038983
0 0.180508 0.544068 0.049153 0.033898
1 0.721186 0.266949 0.218644 0.042373
1 0.760169 0.547458 0.249153 0.044068
1 0.711864 0.644915 0.223729 0.042373
1 0.555932 0.784746 0.254237 0.040678
2 0.273729 0.220339 0.086441 0.044068
2 0.694915 0.691525 0.044068 0.071186
2 0.711864 0.400847 0.047458 0.076271
