0 0.661719 0.114046 0.192188 0.038415
0 0.107813 0.323529 0.121875 0.042017
0 0.236719 0.276110 0.076563 0.038415
0 0.238281 0.369148 0.079687 0.042017
0 0.235937 0.515606 0.081250 0.039616
0 0.445312 0.561825 0.143750 0.045618
0 0.610156 0.506603 0.073438 0.040816
0 0.863281 0.777911 0.139063 0.043217
0 0.680469 0.808523 0.073438 0.039616
0 0.396875 0.822929 0.078125 0.039616
1 0.489844 0.063025 0.264062 0.042017
1 0.737500 0.153061 0.359375 0.049220
1 0.794531 0.365546 0.226562 0.046819
1 0.779687 0.584034 0.225000 0.042017
1 0.153125 0.752101 0.190625 0.046819
1 0.238281 0.941777 0.267188 0.042017
2 0.317969 0.115246 0.123438 0.052821
2 0.123438 0.496999 0.078125 0.091236
2 0.162500 0.808523 0.090625 0.090036
2 0.582812 0.881152 0.125000 0.055222
