0 0.534259 0.166667 0.042593 0.067847
0 0.436111 0.120944 0.038889 0.058997
0 0.267593 0.433628 0.068519 0.064897
0 0.345370 0.504425 0.057407 0.064897
0 0.376852 0.823009 0.038889 0.070796
0 0.475000 0.917404 0.042593 0.064897
0 0.525926 0.865782 0.044444 0.061947
0 0.550926 0.727139 0.031481 0.061947
0 0.642593 0.617994 0.055556 0.061947
0 0.687963 0.283186 0.116667 0.035398
0 0.646296 0.179941 0.118519 0.029499
1 0.338889 0.286136 0.144444 0.047198
1 0.525000 0.078171 0.109259 0.050147
1 0.665741 0.216814 0.164815 0.050147
1 0.694444 0.324484 0.129630 0.053097
1 0.627778 0.669617 0.100000 0.053097
1 0.327778 0.691740 0.092593 0.061947
2 0.338889 0.222714 0.037037 0.091445
2 0.392593 0.426254 0.055556 0.061947
2 0.718519 0.383481 0.033333 0.088496
