0 0.208561 0.060044 0.096539 0.063319
0 0.203097 0.163755 0.074681 0.065502
0 0.118397 0.234716 0.182149 0.063319
0 0.098361 0.408297 0.131148 0.052402
0 0.229508 0.765284 0.076503 0.063319
0 0.439891 0.955240 0.089253 0.067686
0 0.614754 0.601528 0.067395 0.058952
0 0.760474 0.555677 0.147541 0.063319
0 0.837887 0.275109 0.178506 0.065502
0 0.621129 0.215066 0.156648 0.050218
1 0.497268 0.123362 0.185792 0.124454
1 0.120219 0.296943 0.236794 0.069869
1 0.597450 0.293668 0.222222 0.067686
1 0.857013 0.338428 0.238616 0.065502
1 0.816940 0.616812 0.271403 0.072052
1 0.630237 0.712882 0.167577 0.072052
1 0.436248 0.708515 0.165756 0.072052
1 0.426230 0.834061 0.171220 0.074236
1 0.262295 0.837336 0.138434 0.072052
2 0.246812 0.596070 0.056466 0.117904
2 0.254098 0.923581 0.060109 0.139738
2 0.636612 0.799127 0.067395 0.131004
2 0.793260 0.699782 0.074681 0.115721
