0 0.241810 0.302804 0.084243 0.048598
0 0.158346 0.357009 0.229329 0.052336
0 0.395476 0.354206 0.067083 0.042991
0 0.531981 0.183178 0.109204 0.056075
0 0.560062 0.714019 0.096724 0.048598
0 0.242590 0.779439 0.148206 0.041121
0 0.279251 0.937383 0.112324 0.046729
0 0.790172 0.714019 0.195008 0.044860
0 0.859594 0.425234 0.187207 0.039252
0 0.680967 0.289720 0.160686 0.033645
1 0.437598 0.049533 0.166927 0.061682
1 0.237129 0.228037 0.190328 0.059813
1 0.741810 0.202804 0.198128 0.057944
1 0.692668 0.327103 0.187207 0.048598
1 0.859594 0.466355 0.202808 0.054206
1 0.783931 0.755140 0.188768 0.052336
1 0.631045 0.939252 0.201248 0.065421
1 0.186427 0.632710 0.263651 0.050467
0 0.185647 0.592523 0.112324 0.037383
2 0.684087 0.400000 0.054602 0.115888
2 0.318253 0.117757 0.121685 0.056075
2 0.500780 0.254206 0.090484 0.059813
2 0.861934 0.541121 0.067083 0.117757
