0 0.410992 0.160200 0.114695 0.052566
0 0.529869 0.406133 0.087216 0.051314
0 0.435484 0.409887 0.048984 0.038798
0 0.230585 0.686483 0.076464 0.051314
0 0.234170 0.622028 0.052569 0.045056
0 0.537634 0.683980 0.150538 0.056320
0 0.849462 0.620150 0.045400 0.061327
1 0.513142 0.209637 0.323775 0.048811
1 0.582437 0.457447 0.209080 0.046308
1 0.622461 0.730914 0.322581 0.047559
1 0.923536 0.672090 0.107527 0.042553
1 0.236559 0.730288 0.148148 0.043805
2 0.054958 0.682103 0.088411 0.060075
2 0.522700 0.595745 0.053763 0.085106
2 0.940263 0.727785 0.052569 0.086358
