0 0.509444 0.244667 0.105556 0.062667
0 0.319444 0.319333 0.081111 0.052000
0 0.079444 0.491333 0.076667 0.041333
0 0.173889 0.534667 0.070000 0.045333
0 0.298889 0.646000 0.068889 0.044000
0 0.395000 0.702000 0.076667 0.046667
0 0.673333 0.666000 0.075556 0.065333
1 0.578889 0.300000 0.248889 0.048000
1 0.822222 0.350000 0.202222 0.070667
1 0.885000 0.626667 0.132222 0.045333
1 0.157778 0.742000 0.177778 0.049333
1 0.088889 0.600667 0.151111 0.046667
0 0.657778 0.482667 0.073333 0.042667
2 0.903333 0.568667 0.048889 0.086667
2 0.162778 0.682667 0.054444 0.090667
2 0.046111 0.658000 0.045556 0.078667
