0 0.525000 0.046875 0.131250 0.043750
0 0.401562 0.105469 0.093750 0.051562
0 0.107813 0.222656 0.050000 0.076563
0 0.108594 0.382031 0.039062 0.095312
0 0.526563 0.417187 0.134375 0.034375
0 0.899219 0.361719 0.042188 0.123438
0 0.953906 0.444531 0.032813 0.120313
0 0.904687 0.658594 0.037500 0.079687
0 0.527344 0.580469 0.145313 0.045312
0 0.457031 0.752344 0.120313 0.039062
0 0.459375 0.799219 0.084375 0.035937
0 0.460156 0.842187 0.176563 0.037500
0 0.462500 0.885938 0.143750 0.040625
0 0.460156 0.928906 0.098437 0.039062
