0 0.681250 0.054688 0.096875 0.034375
0 0.370312 0.125000 0.087500 0.040625
0 0.594531 0.103906 0.039062 0.039062
0 0.683594 0.126562 0.095312 0.050000
0 0.402344 0.279687 0.082812 0.059375
0 0.775781 0.228125 0.060937 0.112500
0 0.735938 0.321875 0.134375 0.053125
0 0.940625 0.480469 0.037500 0.107813
0 0.900000 0.516406 0.034375 0.126562
0 0.858594 0.547656 0.035937 0.110937
0 0.684375 0.746875 0.053125 0.100000
0 0.704688 0.823438 0.087500 0.040625
0 0.463281 0.866406 0.085938 0.048438
0 0.391406 0.605469 0.104688 0.123438
0 0.215625 0.628125 0.115625 0.090625
0 0.042188 0.746094 0.034375 0.076563
