0 0.707812 0.028125 0.131250 0.028125
0 0.852344 0.057031 0.039062 0.032813
0 0.578906 0.192969 0.035937 0.042188
0 0.917969 0.117969 0.026562 0.026562
0 0.951562 0.228906 0.031250 0.060937
0 0.915625 0.341406 0.028125 0.026562
0 0.853125 0.378125 0.053125 0.028125
0 0.548438 0.317969 0.056250 0.029687
0 0.424219 0.206250 0.039062 0.062500
0 0.279687 0.175781 0.100000 0.048438
0 0.300000 0.250000 0.115625 0.028125
0 0.058594 0.239844 0.023438 0.114062
0 0.091406 0.235937 0.029687 0.065625
0 0.153906 0.384375 0.042188 0.034375
0 0.199219 0.603125 0.070312 0.084375
0 0.088281 0.871094 0.032813 0.064062
0 0.249219 0.925000 0.123438 0.031250
0 0.482812 0.829688 0.062500 0.065625
0 0.510938 0.953906 0.068750 0.029687
0 0.436719 0.582031 0.029687 0.064062
0 0.818750 0.474219 0.109375 0.029687
0 0.911719 0.545312 0.029687 0.046875
0 0.951562 0.707812 0.031250 0.128125
0 0.914062 0.864844 0.028125 0.042188
